Potential applied (V)	WE(1).Current (A)	V vs. RHE	j
		V	mA/cm\+(2)
-0.7025146484375	1.70745849609375E-5	0.323446341705322	0.150569532283399
-0.7049560546875	1.55487060546875E-5	0.321015570831299	0.137113810006063
-0.7073974609375	1.41082763671875E-5	0.318584204376221	0.124411608176257
-0.7098388671875	1.29241943359375E-5	0.316151051177978	0.113969967689043
-0.7122802734375	1.17645263671875E-5	0.313717727813721	0.103743618758267
-0.7147216796875	1.065673828125E-5	0.31128404284668	0.0939747643849206
-0.7171630859375	9.8785400390625E-6	0.308848060638428	0.0871123460234788
-0.7196044921875	9.02099609375E-6	0.306412631469726	0.0795502301036155
-0.7220458984375	8.0902099609375E-6	0.303977712799072	0.07134223951444
-0.7244873046875	7.4188232421875E-6	0.301540986114502	0.0654217217124118
-0.7269287109375	6.7108154296875E-6	0.299104514678955	0.0591782665757275
-0.7293701171875	6.0638427734375E-6	0.296667617828369	0.0534730403301367
-0.7318115234375	5.4656982421875E-6	0.294230380645752	0.0481983971974206
-0.7342529296875	4.8614501953125E-6	0.291793186004639	0.0428699311755952
-0.7366943359375	4.26025390625E-6	0.289355970092773	0.0375683765983245
-0.7391357421875	3.6468505859375E-6	0.286918839263916	0.0321591762428351
-0.7415771484375	3.0914306640625E-6	0.284481304290771	0.0272612933338845
-0.7440185546875	2.5518798828125E-6	0.282043658709717	0.0225033499366182
-0.7464599609375	2.0953369140625E-6	0.279605434564209	0.018477397831239
-0.7489013671875	1.67510986328125E-6	0.277166957296753	0.0147716919160604
-0.7513427734375	1.26495361328125E-6	0.274728409835815	0.0111547937679123
-0.7537841796875	6.8878173828125E-7	0.272291019503784	0.00607391303598986
-0.7562255859375	2.69775390625E-7	0.269852533728027	0.00237897169863316
-0.7586669921875	-6.40869140625E-9	0.267413052481079	-5.65140335648148E-5
-0.7611083984375	-4.0130615234375E-7	0.264974398666382	-0.00353885495893959
-0.7635498046875	-8.65478515625E-7	0.262536227697754	-0.00763208567570547
-0.7659912109375	-1.10626220703125E-6	0.260096499710083	-0.00975539865106922
-0.7684326171875	-1.59759521484375E-6	0.257658518051147	-0.0140881412243717
-0.7708740234375	-1.93023681640625E-6	0.25521943031311	-0.0170214886808311
-0.7733154296875	-2.2760009765625E-6	0.252780434039307	-0.0200705553488757
-0.7757568359375	-2.55096435546875E-6	0.250340944284058	-0.0224952765032518
-0.7781982421875	-2.9754638671875E-6	0.247902496795654	-0.0262386584408069
-0.7806396484375	-3.338623046875E-6	0.245463621765137	-0.029441120342813
-0.7830810546875	-3.582763671875E-6	0.243023917175293	-0.031594035907187
-0.7855224609375	-3.8238525390625E-6	0.240584191314697	-0.0337200400270062
-0.7879638671875	-4.1900634765625E-6	0.238145337554932	-0.036949413373567
-0.7904052734375	-4.461669921875E-6	0.235705824401855	-0.039344531938933
-0.7928466796875	-4.7607421875E-6	0.233266502685547	-0.041981853505291
-0.7952880859375	-5.0506591796875E-6	0.230827117156982	-0.044538440737985
-0.7977294921875	-5.2001953125E-6	0.228386753173828	-0.045857101521164
-0.8001708984375	-5.548095703125E-6	0.225947771789551	-0.0489250062003968
-0.8026123046875	-5.828857421875E-6	0.22350832244873	-0.0514008590994268
-0.8050537109375	-5.987548828125E-6	0.221068022277832	-0.0528002542162698
-0.8074951171875	-6.2347412109375E-6	0.21862833895874	-0.0549800812251984
-0.8099365234375	-6.4666748046875E-6	0.216188549285889	-0.0570253510113536
-0.8123779296875	-6.8206787109375E-6	0.213749610443115	-0.0601470785796958
-0.8148193359375	-7.0892333984375E-6	0.211310076019287	-0.0625152857005071
-0.8172607421875	-7.2296142578125E-6	0.208869648223877	-0.063753212150022
-0.8197021484375	-7.4798583984375E-6	0.206429986175537	-0.0659599506035053
-0.8221435546875	-7.7056884765625E-6	0.203990153961181	-0.0679513975005512
-0.8245849609375	-7.9193115234375E-6	0.201550236663818	-0.0698351986193783
-0.8270263671875	-8.31298828125E-6	0.19911157434082	-0.0733067749669312
-0.8294677734375	-8.3587646484375E-6	0.196670487152099	-0.0737104466352513
-0.8319091796875	-8.7310791015625E-6	0.194231675933838	-0.0769936428709215
-0.8343505859375	-8.941650390625E-6	0.191791737365723	-0.078850532545194
-0.8367919921875	-9.02099609375E-6	0.189350884155273	-0.0795502301036155
-0.8392333984375	-9.2559814453125E-6	0.186911115753174	-0.0816224113343254
-0.8416748046875	-9.356689453125E-6	0.184470411437988	-0.0825104890046296
-0.8441162109375	-9.6435546875E-6	0.182031004638672	-0.085040164792769
-0.8465576171875	-9.7869873046875E-6	0.179590598114014	-0.0863050026868386
-0.8489990234375	-1.005859375E-5	0.177151084960937	-0.0887001212522046
-0.8514404296875	-1.02752685546875E-5	0.174711188934326	-0.0906108338155864
-0.8538818359375	-1.04766845703125E-5	0.172271186553955	-0.0923869891561949
-0.8563232421875	-1.0614013671875E-5	0.169830737487793	-0.0935980041611552
-0.8587646484375	-1.0821533203125E-5	0.167390777648926	-0.095427982390873
-0.8612060546875	-1.1065673828125E-5	0.164951073059082	-0.0975808979552469
-0.8636474609375	-1.1273193359375E-5	0.162511113220215	-0.0994108761849647
-0.8660888671875	-1.1407470703125E-5	0.160070642883301	-0.10059497974537
-0.8685302734375	-1.163330078125E-5	0.157630810668945	-0.102586426642416
-0.8709716796875	-1.17950439453125E-5	0.155190531768799	-0.104012733203814
-0.8734130859375	-1.19171142578125E-5	0.152749976348877	-0.105089190986001
-0.8758544921875	-1.2237548828125E-5	0.150310803527832	-0.107914892664242
-0.8782958984375	-1.22222900390625E-5	0.147869290924072	-0.107780335441468
-0.8807373046875	-1.24267578125E-5	0.145429309814453	-0.109583402226631
-0.8831787109375	-1.2603759765625E-5	0.142989137268066	-0.111144266010802
-0.8856201171875	-1.280517578125E-5	0.140549134887695	-0.112920421351411
-0.8880615234375	-1.29302978515625E-5	0.138108600738525	-0.114023790578153
-0.8905029296875	-1.3104248046875E-5	0.135668406921387	-0.115557742917769
-0.8929443359375	-1.33453369140625E-5	0.133228681060791	-0.117683747037588
-0.8953857421875	-1.3568115234375E-5	0.130788827575683	-0.119648282490079
-0.8978271484375	-1.36322021484375E-5	0.128347868011474	-0.120213422825728
-0.9002685546875	-1.3897705078125E-5	0.125908312316894	-0.122554718501984
-0.9027099609375	-1.39862060546875E-5	0.123467522918701	-0.12333515039407
-0.9051513671875	-1.40655517578125E-5	0.121026669708252	-0.124034847952491
-0.9075927734375	-1.4398193359375E-5	0.118587581970215	-0.126968195408951
-0.9100341796875	-1.4483642578125E-5	0.116146771301269	-0.127721715856481
-0.9124755859375	-1.466064453125E-5	0.113706598754883	-0.129282579640653
-0.9149169921875	-1.48406982421875E-5	0.111266447479248	-0.130870354869378
-0.9173583984375	-1.495361328125E-5	0.10882582824707	-0.131866078317901
-0.9197998046875	-1.51336669921875E-5	0.106385676971435	-0.133453853546627
-0.9222412109375	-1.53167724609375E-5	0.103945546966553	-0.135068540219907
-0.9246826171875	-1.5374755859375E-5	0.10150454486084	-0.135579857666446
-0.9271240234375	-1.55548095703125E-5	0.0990643935852049	-0.137167632895172
-0.9295654296875	-1.5814208984375E-5	0.0966247953491209	-0.139455105682319
-0.9320068359375	-1.5887451171875E-5	0.0941838995971679	-0.140100980351631
-0.9344482421875	-1.6143798828125E-5	0.0917442800903319	-0.142361541694224
-0.9368896484375	-1.61895751953125E-5	0.0893031929016113	-0.142765213362544
-0.9393310546875	-1.62506103515625E-5	0.0868622120666502	-0.143303442253638
-0.9417724609375	-1.65008544921875E-5	0.0844225500183104	-0.145510180707121
-0.9442138671875	-1.6595458984375E-5	0.081981803161621	-0.146344435488316
-0.9466552734375	-1.666259765625E-5	0.0795408648681639	-0.146936487268519
-0.9490966796875	-1.69342041015625E-5	0.0771013517150878	-0.149331605833884
-0.9515380859375	-1.69891357421875E-5	0.0746603283386229	-0.149816011835869
-0.9539794921875	-1.717529296875E-5	0.0722202196044921	-0.151457609953704
-0.9564208984375	-1.7303466796875E-5	0.0697797067260741	-0.152587890625
-0.9588623046875	-1.75140380859375E-5	0.0673397681579588	-0.154444780299272
-0.9613037109375	-1.763916015625E-5	0.0648992340087889	-0.155548149526014
-0.9637451171875	-1.7724609375E-5	0.0624584233398436	-0.156301669973545
-0.9661865234375	-1.77978515625E-5	0.0600175275878905	-0.156947544642857
-0.9686279296875	-1.78497314453125E-5	0.0575764829406737	-0.157405039200287
-0.9710693359375	-1.807861328125E-5	0.0551366719970702	-0.159423397541887
-0.9735107421875	-1.81365966796875E-5	0.0526956698913573	-0.159934714988426
-0.9759521484375	-1.82403564453125E-5	0.0502549868469238	-0.160849704103285
-0.9783935546875	-1.8414306640625E-5	0.0478147930297851	-0.162383656442901
-0.9808349609375	-1.8603515625E-5	0.0453747055664061	-0.164052166005291
-0.9832763671875	-1.88629150390625E-5	0.0429351073303221	-0.166339638792438
-0.9857177734375	-1.888427734375E-5	0.0404938499755858	-0.166528018904321
-0.9881591796875	-1.89727783203125E-5	0.0380530605773924	-0.167308450796407
-0.9906005859375	-1.91192626953125E-5	0.0356126753234862	-0.168600200135031
-0.9930419921875	-1.917724609375E-5	0.0331716732177734	-0.16911151758157
-0.9954833984375	-1.9366455078125E-5	0.0307315857543944	-0.170780027143959
-0.9979248046875	-1.94732666015625E-5	0.0282909239807128	-0.171721927703373
-1.0003662109375	-1.9561767578125E-5	0.0258501345825195	-0.172502359595459
-1.0028076171875	-1.97235107421875E-5	0.023409855682373	-0.173928666156856
-1.0052490234375	-1.98760986328125E-5	0.0209695129699705	-0.17527423838459
-1.0076904296875	-2.0025634765625E-5	0.0185291489868162	-0.176592899167769
-1.0101318359375	-2.00653076171875E-5	0.0160880192565918	-0.17694274794698
-1.0125732421875	-2.01812744140625E-5	0.0136474212951658	-0.177965382840057
-1.0150146484375	-2.03460693359375E-5	0.0112071636657713	-0.17941860084601
-1.0174560546875	-2.0452880859375E-5	0.00876650189208972	-0.180360501405423
-1.0198974609375	-2.05780029296875E-5	0.00632596774291971	-0.181463870632165
-1.0223388671875	-2.06939697265625E-5	0.00388536978149401	-0.182486505525243
-1.0247802734375	-2.0867919921875E-5	0.00144517596435545	-0.184020457864859
-1.0272216796875	-2.099609375E-5	-9.95336914062728E-4	-0.185150738536155
-1.0296630859375	-2.10906982421875E-5	-0.00343608377075211	-0.18598499331735
-1.0321044921875	-2.12646484375E-5	-0.00587627758789067	-0.187518945656966
-1.0345458984375	-2.15057373046875E-5	-0.00831600344848638	-0.189644949776786
-1.0369873046875	-2.152099609375E-5	-0.0107573033447266	-0.189779506999559
-1.0394287109375	-2.161865234375E-5	-0.0131980289306641	-0.190640673225309
-1.0418701171875	-2.1759033203125E-5	-0.0156384567260743	-0.191878599674824
-1.0443115234375	-2.20947265625E-5	-0.0180775231933594	-0.194838858575838
-1.0467529296875	-2.21954345703125E-5	-0.0205182275085452	-0.195726936246142
-1.0491943359375	-2.24609375E-5	-0.0229577832031251	-0.198068231922399
-1.0516357421875	-2.24853515625E-5	-0.0253990192871094	-0.198283523478836
-1.0540771484375	-2.27081298828125E-5	-0.027838872772217	-0.200248058931327
-1.0565185546875	-2.28668212890625E-5	-0.0302791729431153	-0.20164745404817
-1.0589599609375	-2.31964111328125E-5	-0.0327182819519045	-0.204553890060075
-1.0614013671875	-2.3419189453125E-5	-0.0351581354370119	-0.206518425512566
-1.0638427734375	-2.36053466796875E-5	-0.0375982441711427	-0.208160023630401
-1.0662841796875	-2.38983154296875E-5	-0.0400376084289551	-0.21074352230765
-1.0687255859375	-2.41058349609375E-5	-0.0424775682678225	-0.212573500537368
-1.0711669921875	-2.44384765625E-5	-0.0449166560058596	-0.215506847993827
-1.0736083984375	-2.45758056640625E-5	-0.0473571050720216	-0.216717862998788
-1.0760498046875	-2.47894287109375E-5	-0.0497970223693849	-0.218601664117615
-1.0784912109375	-2.51678466796875E-5	-0.0522357910461426	-0.221938683242394
-1.0809326171875	-2.55859375E-5	-0.0546742832031251	-0.225625551146384
-1.0833740234375	-2.58270263671875E-5	-0.0571140090637208	-0.227751555266204
-1.0858154296875	-2.61016845703125E-5	-0.0595535009460451	-0.230173585276124
-1.0882568359375	-2.659912109375E-5	-0.0619914400634767	-0.234560150738536
-1.0906982421875	-2.67364501953125E-5	-0.0644318891296387	-0.235771165743496
-1.0931396484375	-2.72247314453125E-5	-0.0668698920593263	-0.240076996872244
-1.0955810546875	-2.76031494140625E-5	-0.069308660736084	-0.243414015997024
-1.0980224609375	-2.79693603515625E-5	-0.0717475144958497	-0.246643389343585
-1.1004638671875	-2.84027099609375E-5	-0.0741859002990723	-0.250464814470348
-1.1029052734375	-2.8839111328125E-5	-0.0766242648315432	-0.254313151041667
-1.1053466796875	-2.9217529296875E-5	-0.0790630335083009	-0.257650170166446
-1.1077880859375	-2.98248291015625E-5	-0.0815002068786623	-0.263005547632826
-1.1102294921875	-3.03619384765625E-5	-0.0839378694763184	-0.267741961874449
-1.1126708984375	-3.06732177734375E-5	-0.0863771061096192	-0.270486929219026
-1.1151123046875	-3.12774658203125E-5	-0.0888143007507325	-0.275815395240851
-1.1175537109375	-3.179931640625E-5	-0.0912520697021486	-0.2804172522597
-1.1199951171875	-3.22723388671875E-5	-0.0936901789855957	-0.284588526165675
-1.1224365234375	-3.3013916015625E-5	-0.0961264164428712	-0.29112800719246
-1.1248779296875	-3.33465576171875E-5	-0.0985655041809084	-0.29406135464892
-1.1273193359375	-3.3929443359375E-5	-0.101002847717285	-0.299201440558862
-1.1297607421875	-3.447265625E-5	-0.103440467773438	-0.303991677689594
-1.1322021484375	-3.5040283203125E-5	-0.105877917663574	-0.308997206376764
-1.1346435546875	-3.5455322265625E-5	-0.108316431091309	-0.312657162836199
-1.1370849609375	-3.62274169921875E-5	-0.110752455841065	-0.319465758308532
-1.1395263671875	-3.6834716796875E-5	-0.113189629211426	-0.324821135774912
-1.1419677734375	-3.74542236328125E-5	-0.11562671749878	-0.330284159019511
-1.1444091796875	-3.80340576171875E-5	-0.118064082305908	-0.335397333484899
-1.1468505859375	-3.8787841796875E-5	-0.120500234680176	-0.342044460289903
-1.1492919921875	-3.948974609375E-5	-0.122936748657227	-0.348234092537478
-1.1517333984375	-4.03350830078125E-5	-0.125372262908936	-0.355688562679123
-1.1541748046875	-4.09210205078125E-5	-0.127809585174561	-0.36085556003362
-1.1566162109375	-4.17694091796875E-5	-0.130245078155518	-0.368336941619819
-1.1590576171875	-4.2578125E-5	-0.13268084765625	-0.375468474426808
-1.1614990234375	-4.356689453125E-5	-0.135115362182617	-0.384187782462522
-1.1639404296875	-4.4390869140625E-5	-0.13755102532959	-0.391453872492284
-1.1663818359375	-4.54986572265625E-5	-0.139984710296631	-0.40122272686563
-1.1688232421875	-4.64263916015625E-5	-0.142419650238037	-0.409403806010251
-1.1712646484375	-4.757080078125E-5	-0.144853079956055	-0.419495597718254
-1.1737060546875	-4.8736572265625E-5	-0.147286360778809	-0.429775769538139
-1.1761474609375	-5.00244140625E-5	-0.149718790771485	-0.441132399140212
-1.1785888671875	-5.11749267578125E-5	-0.152152177947998	-0.451278013737324
-1.1810302734375	-5.26092529296875E-5	-0.15458358694458	-0.46392639267802
-1.1834716796875	-5.41168212890625E-5	-0.157014485443115	-0.477220646288029
-1.1859130859375	-5.5560302734375E-5	-0.159445830627442	-0.48994975956239
-1.1883544921875	-5.72296142578125E-5	-0.161875601776123	-0.504670319733796
-1.1907958984375	-5.8782958984375E-5	-0.164306181213379	-0.518368245012125
-1.1932373046875	-6.06964111328125E-5	-0.166734250701905	-0.535241720747906
-1.1956787109375	-6.2835693359375E-5	-0.169160746154785	-0.554106643380732
-1.1981201171875	-6.48193359375E-5	-0.171588326416016	-0.57159908234127
-1.2005615234375	-6.695556640625E-5	-0.174014843139649	-0.590437093529541
-1.2030029296875	-6.9244384765625E-5	-0.176440296325684	-0.610620676945547
-1.2054443359375	-7.16552734375E-5	-0.178864898681641	-0.631880718143739
-1.2078857421875	-7.4249267578125E-5	-0.18128822479248	-0.654755446015212
-1.2103271484375	-7.6873779296875E-5	-0.183711338195801	-0.677899288332231
-1.2127685546875	-7.9742431640625E-5	-0.186132749938965	-0.703196046213624
-1.2152099609375	-8.270263671875E-5	-0.18855352355957	-0.729300147431658
-1.2176513671875	-8.6029052734375E-5	-0.190971744689941	-0.758633621996252
-1.2200927734375	-8.929443359375E-5	-0.193390391235352	-0.787428867669753
-1.2225341796875	-9.2987060546875E-5	-0.195806059875488	-0.819991715580908
-1.2249755859375	-9.6893310546875E-5	-0.198220239562988	-0.854438364610891
-1.2274169921875	-1.00738525390625E-4	-0.200634844665527	-0.88834678474978
-1.2298583984375	-1.0516357421875E-4	-0.203045408325195	-0.927368379354056
-1.2322998046875	-1.0980224609375E-4	-0.205454483032227	-0.968273775077161
-1.2347412109375	-1.14471435546875E-4	-0.207863345031738	-1.00944828524581
-1.2371826171875	-1.197509765625E-4	-0.210267952880859	-1.0560050843254
-1.2396240234375	-1.251220703125E-4	-0.212671922607422	-1.10336922674162
-1.2420654296875	-1.309814453125E-4	-0.215072489013672	-1.1550392002866
-1.2445068359375	-1.37115478515625E-4	-0.217471141052246	-1.20913120384149
-1.2469482421875	-1.43585205078125E-4	-0.219867453308105	-1.2661834662974
-1.2493896484375	-1.505126953125E-4	-0.222260574951172	-1.32727244543651
-1.2518310546875	-1.58050537109375E-4	-0.224649442443848	-1.39374371348655
-1.2542724609375	-1.6571044921875E-4	-0.227037459106445	-1.46129143931878
-1.2567138671875	-1.74163818359375E-4	-0.229419945373535	-1.53583614073523
-1.2591552734375	-1.82952880859375E-4	-0.23180009185791	-1.61334110105269
-1.2615966796875	-1.92169189453125E-4	-0.234177260437012	-1.6946136636078
-1.2640380859375	-2.02301025390625E-4	-0.236548047790527	-1.78395965952932
-1.2664794921875	-2.12738037109375E-4	-0.238916708068848	-1.87599679990631
-1.2689208984375	-2.23876953125E-4	-0.241280476074219	-1.97422357253086
-1.2713623046875	-2.359619140625E-4	-0.243637650146484	-2.08079289296737
-1.2738037109375	-2.48291015625E-4	-0.245993122558594	-2.18951512896825
-1.2762451171875	-2.6153564453125E-4	-0.248342213745117	-2.30631079833554
-1.2786865234375	-2.760009765625E-4	-0.250682796630859	-2.43387104552469
-1.2811279296875	-2.90802001953125E-4	-0.253021039733887	-2.56439155161486
-1.2835693359375	-3.0682373046875E-4	-0.255350774536133	-2.7056766355269
-1.2860107421875	-3.23638916015625E-4	-0.257674978942871	-2.85395869502315
-1.2884521484375	-3.4130859375E-4	-0.259993227539063	-3.00977595899471
-1.2908935546875	-3.60626220703125E-4	-0.262299989929199	-3.18012540302579
-1.2933349609375	-3.8018798828125E-4	-0.26460505065918	-3.35262776262125
-1.2957763671875	-4.01397705078125E-4	-0.266898625183105	-3.53966230227624
-1.2982177734375	-4.23736572265625E-4	-0.269184329528809	-3.73665407641645
-1.3006591796875	-4.47357177734375E-4	-0.271461100158691	-3.94494865726962
-1.3031005859375	-4.72320556640625E-4	-0.273728511657715	-4.16508427372685
-1.3055419921875	-4.986572265625E-4	-0.275986351318359	-4.39733004023369
-1.3079833984375	-5.26092529296875E-4	-0.278236533508301	-4.6392639267802
-1.3104248046875	-5.55755615234375E-4	-0.280471188049316	-4.90084316785163
-1.3128662109375	-5.86395263671875E-4	-0.282699035949707	-5.17103407118056
-1.3153076171875	-6.18255615234375E-4	-0.284918375549316	-5.45198955233135
-1.3177490234375	-6.53076171875E-4	-0.287117082519531	-5.75904913470018
-1.3201904296875	-6.884765625E-4	-0.289311748046875	-6.07122189153439
-1.3226318359375	-7.26318359375E-4	-0.291489396972656	-6.40492380401235
-1.3250732421875	-7.659912109375E-4	-0.293654283447266	-6.75477258322311
-1.3275146484375	-8.06884765625E-4	-0.295810661621094	-7.11538594025573
-1.3299560546875	-8.50830078125E-4	-0.297945769042969	-7.50291074184303
-1.3323974609375	-8.9569091796875E-4	-0.300074495239258	-7.89850897679674
-1.3348388671875	-9.442138671875E-4	-0.302177696533203	-8.32640094521605
-1.3372802734375	-9.9334716796875E-4	-0.304276643676758	-8.7596752025463
-1.3397216796875	-0.001046142578125	-0.306350065917969	-9.22524319334215
-1.3421630859375	-0.00109954833984375	-0.308419234008789	-9.69619347304894
-1.3446044921875	-0.00115570068359375	-0.310469258422852	-10.1913640528549
-1.3470458984375	-0.00121490478515625	-0.312498012084961	-10.7134460772156
-1.3494873046875	-0.00127471923828125	-0.31452251159668	-11.2409103904872
-1.3519287109375	-0.00133880615234375	-0.316517232055664	-11.8060507261354
-1.3543701171875	-0.001405029296875	-0.318497062988281	-12.3900290729718
-1.3568115234375	-0.00147308349609375	-0.320464131469727	-12.990154286541
-1.3592529296875	-0.00154449462890625	-0.322407802124023	-13.6198820891204
-1.3616943359375	-0.0016156005859375	-0.324353599853516	-14.2469187472443
-1.3641357421875	-0.0016937255859375	-0.326250474853516	-14.9358517278439
-1.3665771484375	-0.0017718505859375	-0.328147349853516	-15.6247847084436
-1.3690185546875	-0.00185333251953125	-0.330020827026367	-16.3433202780534
-1.3714599609375	-0.00193572998046875	-0.331887922973633	-17.0699292810295
-1.3739013671875	-0.002021484375	-0.33373162109375	-17.8261408730159
-1.3763427734375	-0.00211151123046875	-0.335545540161133	-18.6200284873788
-1.3787841796875	-0.00220245361328125	-0.33735307800293	-19.421989535108
-1.3812255859375	-0.002294921875	-0.33914998046875	-20.2374063051146
-1.3836669921875	-0.002392578125	-0.34091072265625	-21.0985725308642
-1.3861083984375	-0.00249053955078125	-0.342669337768555	-21.9624299010692
-1.3885498046875	-0.00259429931640625	-0.344387538452149	-22.8774190159281
-1.3909912109375	-0.002696533203125	-0.346116374511719	-23.7789524085097
-1.3934326171875	-0.00280609130859375	-0.347794160766602	-24.7450732680225
-1.3958740234375	-0.00291107177734375	-0.349503853149414	-25.6708269607033
-1.3983154296875	-0.00302398681640625	-0.351158241577148	-26.6665504092262
-1.4007568359375	-0.0031353759765625	-0.352823265380859	-27.6488181354718
-1.4031982421875	-0.00325836181640625	-0.354407460327148	-28.7333493510251
-1.4056396484375	-0.00337738037109375	-0.356019307250977	-29.7828956886574
-1.4080810546875	-0.00349945068359375	-0.357609883422851	-30.8593534708444
-1.4105224609375	-0.0036212158203125	-0.359202586669922	-31.9331201085758
-1.4129638671875	-0.00374969482421875	-0.360748494262695	-33.0660919243276
-1.4154052734375	-0.00387542724609375	-0.362313545532226	-34.1748434399802
-1.4178466796875	-0.00400787353515625	-0.363831801147461	-35.342800133653
-1.4202880859375	-0.00414886474609375	-0.365290498657227	-36.5861088720789
-1.4227294921875	-0.00428131103515625	-0.366808754272461	-37.7540655657518
-1.4251708984375	-0.00441558837890625	-0.368314247436523	-38.9381691261574
-1.4276123046875	-0.00455596923828125	-0.36977719909668	-40.1760955756724
-1.4300537109375	-0.00469390869140625	-0.371257167358399	-41.3924928695437
-1.4324951171875	-0.00484283447265625	-0.372660560913086	-42.7057713638117
-1.4349365234375	-0.00498992919921875	-0.374076716918945	-44.002902991347
-1.4373779296875	-0.0051324462890625	-0.375524779052734	-45.2596674520503
-1.4398193359375	-0.0052838134765625	-0.376911156005859	-46.5944751019621
-1.4422607421875	-0.00543304443359375	-0.378312422485352	-47.9104447406856
-1.4447021484375	-0.00558868408203125	-0.379669020385742	-49.282928412974
-1.4471435546875	-0.0057421875	-0.3810405078125	-50.6365740740741
-1.4495849609375	-0.00590606689453125	-0.382339674682617	-52.0817186466601
-1.4520263671875	-0.006065673828125	-0.383668620605469	-53.4891871968695
-1.4544677734375	-0.0062103271484375	-0.385101793212891	-54.764789668761
-1.4569091796875	-0.0063751220703125	-0.386394578857422	-56.2180076747134
-1.4593505859375	-0.0065338134765625	-0.387729906005859	-57.6174027915565
-1.4617919921875	-0.00670166015625	-0.389001420898437	-59.0975322420635
-1.4642333984375	-0.0068756103515625	-0.390230394287109	-60.6314845816799
-1.4666748046875	-0.0070404052734375	-0.391523179931641	-62.0847025876323
-1.4691162109375	-0.007220458984375	-0.392709611816406	-63.672477816358
-1.4715576171875	-0.0073883056640625	-0.393981126708984	-65.1526072668651
-1.4739990234375	-0.007574462890625	-0.395125017089844	-66.7942053847002
-1.4764404296875	-0.00772705078125	-0.396502885742188	-68.1397776124339
-1.4788818359375	-0.00791015625	-0.397668046875	-69.7544642857143
-1.4813232421875	-0.0080902099609375	-0.398854478759766	-71.3422395144401
-1.4837646484375	-0.0082611083984375	-0.400104722900391	-72.8492804095018
-1.4862060546875	-0.008441162109375	-0.401291154785156	-74.4370556382275
-1.4886474609375	-0.0086212158203125	-0.402477586669922	-76.0248308669533
-1.4910888671875	-0.0087890625	-0.4037491015625	-77.5049603174603
-1.4935302734375	-0.0090118408203125	-0.404637742919922	-79.4694957699515
-1.4959716796875	-0.009173583984375	-0.405951799316406	-80.8958023313492
-1.4984130859375	-0.009375	-0.4069893359375	-82.6719576719577
-1.5008544921875	-0.009552001953125	-0.408197038574219	-84.2328214561288
-1.5032958984375	-0.0097686767578125	-0.409128221435547	-86.1435340195106
-1.5057373046875	-0.0099090576171875	-0.410591173095703	-87.3814604690256
-1.5081787109375	-0.0101318359375	-0.411479814453125	-89.3459959215168
-1.5106201171875	-0.010308837890625	-0.412687517089844	-90.9068597056879
-1.5130615234375	-0.010528564453125	-0.413597429199219	-92.8444837136244
-1.5155029296875	-0.0106842041015625	-0.414954027099609	-94.2169673859127
-1.5179443359375	-0.010888671875	-0.41597029296875	-96.0200341710759
-1.5203857421875	-0.0110687255859375	-0.417156724853516	-97.6078093998016
-1.5228271484375	-0.01129150390625	-0.418045366210937	-99.5723448522928
-1.5252685546875	-0.0114715576171875	-0.419231798095703	-101.160120081019
-1.5277099609375	-0.011676025390625	-0.420248063964844	-102.963186866182
-1.5301513671875	-0.0118743896484375	-0.421306871337891	-104.712430762235
-1.5325927734375	-0.0120880126953125	-0.422259324951172	-106.596231881063
-1.5350341796875	-0.0122650146484375	-0.423467027587891	-108.157095665234
-1.5374755859375	-0.01251220703125	-0.424185502929688	-110.336922674162
-1.5399169921875	-0.01265869140625	-0.425605913085937	-111.628672012787
-1.5423583984375	-0.0128631591796875	-0.426622178955078	-113.43173879795
-1.5447998046875	-0.0130645751953125	-0.427659715576172	-115.207894138558
-1.5472412109375	-0.0133087158203125	-0.428399461669922	-117.360809702932
-1.5496826171875	-0.0135406494140625	-0.429224290771484	-119.406079489087
-1.5521240234375	-0.01373291015625	-0.430325639648438	-121.101500496032
-1.5545654296875	-0.0139068603515625	-0.431554613037109	-122.635452835648
-1.5570068359375	-0.0141510009765625	-0.432294359130859	-124.788368400022
-1.5594482421875	-0.0143402099609375	-0.433416978759766	-126.456877962412
-1.5618896484375	-0.0145751953125	-0.434220537109375	-128.529059193122
-1.5643310546875	-0.014794921875	-0.43513044921875	-130.466683201058
-1.5667724609375	-0.0150146484375	-0.436040361328125	-132.404307208995
-1.5692138671875	-0.0152191162109375	-0.437056627197266	-134.207373994158
-1.5716552734375	-0.01541748046875	-0.438115434570313	-135.956617890212
-1.5740966796875	-0.0156524658203125	-0.438918992919922	-138.028799120922
-1.5765380859375	-0.0158233642578125	-0.440169237060547	-139.535840015983
-1.5789794921875	-0.016033935546875	-0.441142961425781	-141.392729690256
-1.5814208984375	-0.0162322998046875	-0.442201768798828	-143.14197358631
-1.5838623046875	-0.0164794921875	-0.442920244140625	-145.321800595238
-1.5863037109375	-0.0166717529296875	-0.444021593017578	-147.017221602183
-1.5887451171875	-0.016949462890625	-0.444527360839844	-149.466163056658
-1.5911865234375	-0.017071533203125	-0.446117937011719	-150.542620838845
-1.5936279296875	-0.01728515625	-0.447070390625	-152.426421957672
-1.5960693359375	-0.0174591064453125	-0.448299364013672	-153.960374297288
-1.5985107421875	-0.01773681640625	-0.448805131835938	-156.409315751764
-1.6009521484375	-0.0179962158203125	-0.449438524169922	-158.696788538911
